0,600,0,800	//背景
690,769,0,800	//ステータス枠
770,789,0,19	//肉まん
770,789,20,39	//吉たろう
770,789,40,59	//のっぽ
140,169,220,429	//しゃっくの体力
790,820,0,210	//ゲージ枠
820,840,0,200	//ゲージ中身
600,699,0,99	//境界を示す旗
120,139,120,140	//０
120,139,140,159	//１
120,139,160,179	//２
120,139,180,199	//３
120,139,200,219	//４
120,139,220,239	//５
120,139,240,259	//６
120,139,260,279	//７
120,139,280,299	//８
120,139,300,319	//９
190,290,600,900	//げ～むすた～と

0,74,0,74	//にくまん攻撃①　1枚目
0,74,75,149	//にくまん攻撃①　2枚目
0,74,150,224	//にくまん攻撃①　3枚目
0,74,225,299	//にくまん攻撃①　4枚目
75,149,0,74	//にくまん攻撃②　
150,224,0,74	//にくまん潰れ
0,124,0,124	//よしたろう歩き　1枚目
0,124,125,249	//よしたろう歩き　2枚目
0,124,250,374	//よしたろう歩き　3枚目
0,124,375,499	//よしたろう歩き　4枚目 		
125,249,0,124	//よしたろうヒップあたっく　1枚目	30
125,249,125,249 //よしたろうヒップあたっく　2枚目
125,249,250,374 //よしたろうヒップあたっく　3枚目
250,374,0,124	//よしたろう風船しゅーと
250,374,125,249 //よしたろう風船割れ　1枚目
250,374,250,374 //よしたろう風船割れ　2枚目
250,374,375,499 //よしたろう風船割れ　3枚目
375,499,0,124	//よしたろうぶっとび死亡
0,299,0,299	//のっぽのポ：走る 1枚目
0,299,300,599	//のっぽのポ：走る 2枚目		
0,299,600,899	//のっぽのポ：走る 3枚目		40	
0,299,900,1199	//のっぽのポ：走る 4枚目
300,599,0,299	//のっぽのポ：コケッぺちっ　1枚目
300,599,300,599	//のっぽのポ：コケッぺちっ　2枚目
300,599,600,899 //のっぽのポ：コケッぺちっ　3枚目
600,899,0,299	//のっぽのポ：僕尻コプター　1枚目
600,899,300,599	//のっぽのポ：僕尻コプター　2枚目	46
0,49,0,99	//『ベチャッ！！』			47
0,49,100,199	//『ぼよーん』
0,49,200,299	//『ぱぁん！！』
0,49,300,399	//『ペチッ』				50
0,49,400,499	//『ゴッ！』				51
0,49,500,599	//『NO～！！』
0,399,0,299	//ボス通常
0,399,300,599	//アニメ1
0,399,599,899	//アニメ2
400,799,0,299	//アニメ3