0,600,0,800	//背景
690,769,0,800	//ステータス枠
770,789,0,19	//肉まん
770,789,20,39	//吉たろう
770,789,40,59	//のっぽ
140,169,220,429	//しゃっくの体力
790,820,0,210	//ゲージ枠
820,840,0,200	//ゲージ中身
600,699,0,99	//境界を示す旗
120,139,120,140	//０
120,139,140,159	//１
120,139,160,179	//２
120,139,180,199	//３
120,139,200,219	//４
120,139,220,239	//５
120,139,240,259	//６
120,139,260,279	//７
120,139,280,299	//８
120,139,300,319	//９
190,290,600,900	//げ～むすた～と
120,140,0,60	//すこあ
120,140,60,120	//たいむ
140,170,0,220	//みっしょんげ～じ
120,140,320,340	//：
190,290,300,600	//ゲームオーバー
190,290,0,300	//ゲームクリア

↑25

0,100,0,400	//みっしょん発生
0,100,400,800	//みっしょん開始
0,100,800,1200	//みっしょん成功!!
0,100,1200,1600	//みっしょん失敗･･･
100,200,0,800	//みっしょんお知らせ枠
200,300,0,800	//ミッション１
200,300,800,1600//ミッション２
300,400,0,800	//ミッション３
600,700,0,800	//ミッション４
600,700,800,1600//ミッション５
700,800,0,800	//ミッション６
700,800,800,1600//ミッション７
800,900,0,800	//ミッション８
800,900,800,1600//ミッション９
300,400,800,1600//ミッション１０
400,500,0,800	//ミッション１１
400,500,800,1600//ミッション１２
500,600,0,800	//ミッション１３
500,600,800,1600//ミッション１４

↑44おｋ

0,74,0,74	//にくまん攻撃①　1枚目
0,74,75,149	//にくまん攻撃①　2枚目
0,74,150,224	//にくまん攻撃①　3枚目
0,74,225,299	//にくまん攻撃①　4枚目
75,149,0,74	//にくまん攻撃②　
150,224,0,74	//にくまん潰れ
0,124,0,124	//よしたろう歩き　1枚目
0,124,125,249	//よしたろう歩き　2枚目
0,124,250,374	//よしたろう歩き　3枚目
0,124,375,499	//よしたろう歩き　4枚目 		
125,249,0,124	//よしたろうヒップあたっく　1枚目	30
125,249,125,249 //よしたろうヒップあたっく　2枚目
125,249,250,374 //よしたろうヒップあたっく　3枚目
250,374,0,124	//よしたろう風船しゅーと
250,374,125,249 //よしたろう風船割れ　1枚目
250,374,250,374 //よしたろう風船割れ　2枚目
250,374,375,499 //よしたろう風船割れ　3枚目
375,499,0,124	//よしたろうぶっとび死亡

↑62

0,199,0,199	//のっぽのポ：走る 1枚目		63
0,199,200,399	//のっぽのポ：走る 2枚目		64
0,199,400,599	//のっぽのポ：走る 3枚目		65	
0,199,600,799	//のっぽのポ：走る 4枚目		66
200,399,0,199	//のっぽのポ：コケッぺちっ　1枚目	67
200,399,200,399	//のっぽのポ：コケッぺちっ　2枚目	68
200,399,400,599 //のっぽのポ：コケッぺちっ　3枚目	69
400,599,0,199	//のっぽのポ：僕尻コプター　1枚目	70
400,599,200,399	//のっぽのポ：僕尻コプター　2枚目	71
0,49,0,99	//『ベチャッ！！』			72			
0,49,100,199	//『ぼよーん』				73
0,49,200,299	//『ぱぁん！！』			74
0,49,300,399	//『ペチッ』				75			
0,49,400,499	//『ゴッ！』				76

↑76				

0,49,500,599	//『NO～！！』
0,399,0,299	//ボス通常
0,399,300,599	//アニメ1
0,399,599,899	//アニメ2
400,799,0,299	//アニメ3

↑81

390,440,0,50	//０(大)
390,440,50,100	//１(大)
390,440,100,150	//２(大)
390,440,150,200	//３(大)
390,440,200,250	//４(大)
390,440,250,300	//５(大)
390,440,300,350	//６(大)
390,440,350,400	//７(大)
390,440,400,450	//８(大)
390,440,450,500	//９(大)
390,440,550,650	//コンボ

↓追加

841,940,0,300	//Ｚキーを押したら開始!!
1100,1200,0,800	//アクシデント奥義発生!!
900,1000,0,800	//しゃっくの移動速度が上がってしまった
900,1000,800,1600 //しゃっくの体力が全回復してしまった
1000,1100,0,800	//しゃっくが危険地帯まで進入してきてしまった
1000,1100,800,1600 //むれもんの攻撃力が半減してしまった
50,650,0,1000	//波
841,940,300,600	//ぽーず
